KICK_M1_005H_CIB=4.199080E-005 ;
KICK_M1_005V_CIB=4.470580E-005 ;
KICK_M2_004H_CIB=4.199080E-005 ;
KICK_M2_004V_CIB=4.470580E-005 ;
KICK_M2_012H_CIB=4.199080E-005 ;
KICK_M2_012V_CIB=4.470580E-005 ;
KICK_M3_006H_CIB=4.199080E-005 ;
KICK_M3_006V_CIB=4.470580E-005 ;
KICK_M3_014H_CIB=1.294138E-004 ;
KICK_M3_014V_CIB=-9.918812E-004 ;
KICK_M3_026H_CIB=-3.701462E-004 ;
KICK_M3_026V_CIB=-1.820318E-003 ;
KICK_M3_030H_CIB=-1.952086E-003 ;
KICK_M3_030V_CIB=2.047109E-003 ;

