HKICK_M1_005A_CIB=4.199080E-005 ;
VKICK_M1_005A_CIB=4.470580E-005 ;
HKICK_M2_004A_CIB=4.199080E-005 ;
VKICK_M2_004A_CIB=4.470580E-005 ;
HKICK_M2_012A_CIB=4.199080E-005 ;
VKICK_M2_012A_CIB=4.470580E-005 ;
HKICK_M3_006A_CIB=4.199080E-005 ;
VKICK_M3_006A_CIB=4.470580E-005 ;
HKICK_M3_014A_CIB=1.294138E-004 ;
VKICK_M3_014A_CIB=-9.918812E-004 ;
HKICK_M3_026A_CIB=-3.701462E-004 ;
VKICK_M3_026A_CIB=-1.820318E-003 ;
HKICK_M3_030B_CIB=-1.952086E-003 ;
VKICK_M3_030B_CIB=2.047109E-003 ;

