quadn=-0.000133982;
sestn=0.0125998 ;


quadn0= -0.000122962 ;
quadn1= -0.000143351 ;
quadn2= -5.26304e-005 ;
quadn3= -0.000102892 ;
quadn4= 2.8354e-005 ;
quadn5= -0.000125219 ;
quadn6= -0.000133982 ;
quadn7= -0.000304791 ;
quadn8= 0.000108967 ;
quadn9= -0.000211763 ;
quadn10= -2.9349e-005 ;
quadn11= -0.00016001 ;
quadn12= -7.13106e-005 ;
quadn13= -0.000132138 ;
quadn14= -0.000190697 ;
quadn15= -0.000180691 ;
sestn0= 0.0132856 ;
sestn1= 0.0144778 ;
sestn2= 0.0104954 ;
sestn3= 0.0109165 ;
sestn4= 0.00383981 ;
sestn5= 0.00423613 ;
sestn6= 0.0125998 ;
sestn7= 0.0074002 ;
sestn8= -0.0107587 ;
sestn9= 0.00922235 ;
sestn10= 0.00746276 ;
sestn11= 0.00567282 ;
sestn12= 0.0102282 ;
sestn13= 0.0142114 ;
sestn14= 0.0100528 ;
sestn15= 0.00988806 ;
