S0=0.82693;
S1=0.82693;
